LLKModel Info:
MapWidth:  020
MapHeight: 020
-1 -1 -1 -1 -1 -1 -1 -1 -1 -1 -1 -1 -1 -1 -1 -1 -1 -1 -1 -1 
-1 15 03 21 13 08 21 17 17 02 21 08 20 16 01 03 11 03 02 -1 
-1 19 02 13 09 22 02 17 14 10 19 10 06 22 18 19 07 01 20 -1 
-1 18 05 07 13 07 20 18 13 09 02 13 15 10 18 22 16 17 20 -1 
-1 12 15 10 11 07 18 20 20 21 03 09 14 17 07 08 10 08 05 -1 
-1 16 04 06 04 01 21 01 12 07 17 21 13 17 16 06 19 01 13 -1 
-1 19 20 22 07 16 16 10 09 13 16 18 07 05 09 14 20 15 21 -1 
-1 19 20 16 14 10 11 08 03 01 09 06 04 04 08 11 10 02 05 -1 
-1 11 10 13 09 05 20 10 16 17 15 06 13 05 03 06 16 05 14 -1 
-1 05 20 18 06 05 06 11 18 21 04 18 17 16 15 04 17 05 14 -1 
-1 19 09 11 08 05 22 18 13 22 02 22 22 03 19 18 07 01 03 -1 
-1 02 12 02 15 11 15 19 19 04 22 13 20 04 14 11 21 02 10 -1 
-1 11 05 01 08 06 19 02 10 07 02 06 18 16 08 07 10 14 17 -1 
-1 20 15 15 02 01 22 02 01 22 19 06 19 13 12 14 21 17 06 -1 
-1 01 12 01 04 22 18 07 06 07 19 09 15 07 17 12 11 05 03 -1 
-1 15 01 14 11 22 05 04 11 06 07 11 08 20 14 16 14 03 02 -1 
-1 22 12 21 09 10 01 02 01 12 12 04 13 14 08 08 05 18 15 -1 
-1 07 12 08 09 09 09 12 04 17 06 01 03 04 08 21 04 04 12 -1 
-1 03 09 03 14 16 21 12 15 21 03 05 03 06 03 08 04 08 12 -1 
-1 -1 -1 -1 -1 -1 -1 -1 -1 -1 -1 -1 -1 -1 -1 -1 -1 -1 -1 -1 
