LLKModel Info:
MapWidth:  020
MapHeight: 015
16 10 15 06 02 02 04 09 04 15 06 01 13 11 10 08 14 15 15 06 
16 05 07 08 09 12 04 06 10 03 11 02 11 12 05 14 03 06 01 04 
11 11 06 07 04 09 09 01 05 14 01 03 11 15 14 06 09 13 03 10 
11 02 07 03 15 14 07 10 06 09 09 08 12 01 05 02 06 10 08 07 
12 08 12 10 06 16 10 03 15 02 08 13 03 07 06 04 12 07 16 10 
05 11 03 12 03 09 08 13 13 09 04 02 07 09 10 16 11 02 14 09 
15 02 16 15 16 11 05 04 04 01 06 07 16 08 03 05 10 16 01 08 
07 01 09 09 13 04 07 01 13 16 05 08 15 04 11 11 06 13 07 05 
05 11 06 01 16 04 01 13 02 13 14 11 10 02 07 04 10 16 05 11 
12 02 01 05 02 12 04 10 12 13 03 05 07 13 14 03 05 04 12 06 
07 10 14 13 09 06 12 02 09 15 03 04 16 14 10 02 11 08 08 08 
14 14 01 07 12 09 14 04 16 04 09 16 14 06 01 08 08 13 12 01 
15 02 13 14 04 10 03 12 01 13 11 03 16 03 09 01 16 03 03 05 
02 01 08 14 14 15 02 05 13 05 08 15 07 02 08 15 15 11 05 14 
06 04 03 05 16 07 02 06 01 10 03 12 05 12 06 01 13 15 12 15 
